9087 1846600
8793 1232300
4653 606400
9251 1127600
4967 427700
3789 317900
2075 188500
9004 751300
3105 278400
9188 768800
731 62500
2398 212600
3146 279000
9254 846200
5682 490700
8917 600400
8022 755400
1055 89800
1557 147300
3584 328300
5992 520000
9151 772700
3580 300500
2842 212700
2768 262800
548 45600
5204 346100
8618 744700
2628 229100
6960 601400
1713 151700
9002 701800
1096 82500
2586 219000
388 28700
3832 335300
117 8300
1443 110800
6345 553400
3608 334100
9044 724300
1612 140900
7435 637400
7139 925600
2367 190200
8389 683200
3614 295400
2109 184300
5477 498700
5571 437000
1631 116500
6708 469100
3685 228900
5091 1072800
9536 663200
5126 437200
5136 438100
8585 739100
3844 337500
8174 690200
8731 731400
8564 613900
7727 674100
6560 560200
5815 503100
5366 350100
5670 524800
5021 342600
2812 174000
715 52700
6764 454900
6237 512200
1762 113300
743 45400
4296 328700
