9087 138750
8793 137009
4653 68999
9251 145524
4967 78656
3789 55267
2075 27720
9004 143200
3105 43432
9188 144486
731 8505
2398 32210
3146 47474
9254 142108
5682 93841
8917 137484
8022 125212
1055 13183
1557 19626
3584 51311
5992 91135
9151 163664
3580 51662
2842 39324
2768 38219
548 6204
5204 75171
8618 130170
2628 35982
6960 113771
1713 23008
9002 147839
1096 13267
2586 34310
388 4722
3832 56165
117 1199
1443 18293
6345 100412
3608 48901
9044 155315
1612 21004
7435 121660
7139 113092
2367 30849
8389 131075
3614 53980
2109 27120
5477 82214
5571 81640
1631 20117
6708 111816
3685 56376
5091 78357
9536 153487
5126 72434
5136 78480
8585 139989
3844 58155
8174 126142
8731 147161
8564 142052
7727 126510
6560 100416
5815 86641
5366 79356
5670 83309
5021 88242
2812 41526
715 8164
6764 105985
6237 93174
1762 25342
743 8605
4296 67773
